79.2812
78.4375
77.5625
76.5469
75.75
74.8594
74.0312
73.1562
72.2188
71.2656
70.4531
69.6094
68.75
67.9375
67.1094
66.1875
65.3438
64.4062
63.5781
62.6562
62.0469
61.1406
60.3438
59.4844
58.5781
57.6719
56.875
55.9688
55.0938
54.3594
53.5312
52.625
51.8125
50.8594
50.0312
49.0469
48.1875
46.4688
45.4219
44.5312
43.7344
42.7344
42.0156
40.9531
40.0625
39.3125
38.4844
37.7031
36.8281
35.9062
35.1562
34.0625
33.375
32.4062
31.2188
30.4688
29.4219
28.5
27.4219
26.625
25.5
24.7031
24.1406
23.125
22.3906
21.4531
20.5469
19.3438
18.7812
17.7188
16.9531
16.2969
15.2969
14.1562
13.125
12.3594
11.75
10.7031
9.8125
8.79688
7.8125
7.20312
6.34375
5.32812
4.59375
3.5625
2.6875
1.76562
1.14062
359.969
359.547
358.406
357.609
356.906
356.016
354.969
353.969
353.172
352.625
351.906
350.922
349.984
348.938
348.047
347.391
346.25
345.656
344.516
343.812
343.125
342.016
341.312
340.375
339.438
338.906
337.766
336.984
336.234
333.406
332.531
331.672
330.797
329.938
329.062
328.203
327.172
326.312
325.422
324.562
323.688
322.797
321.938
321.062
320.188
319.297
318.422
317.547
316.672
315.781
314.906
314.031
302.625
295.625
292.984
291.25
290.375
289.5
288.609
287.734
286.875
285.984
285.109
284.234
283.359
282.5
281.609
280.719
279.844
278.953
278.078
277.188
276.312
275.438
274.562
273.672
272.797
271.938
271.047
270.156
269.312
268.438
267.547
266.672
265.797
264.938
264.031
263.188
262.281
261.438
260.562
259.656
258.781
257.906
257.047
256.156
255.188
254.297
253.453
252.562
251.688
250.797
249.906
249
248.109
241.797
240.906
240.016
239.094
238.234
237.328
236.391
235.531
234.641
233.734
232.844
231.922
231
230.188
229.234
228.406
227.453
226.609
225.719
224.734
223.906
223
222.109
221.25
220.344
219.484
218.547
217.688
195.172
194.516
193.359
192.438
191.656
190.781
189.828
189.25
188.094
187.203
186.422
185.75
184.625
161.406
160.656
159.719
158.797
158.141
157.234
156.406
155.516
154.672
153.766
152.859
152.016
151.25
150.391
149.469
148.625
147.766
146.922
145.984
145.125
144.266
143.469
142.562
141.703
140.875
140.062
139.141
138.297
137.469
136.562
135.766
134.906
133.969
133.141
132.312
131.422
130.609
129.75
128.891
128.031
108.016
107.031
103.906
103.047
102.188
101.234
95.9688
93.1875
92.2812
91.4219
90.5938
89.7188
88.7188
86.9062
84.4062
83.3906
82.6406
81.6719
80.8438
80.1875
79.8906
79.0625
78.2344
77.3594
76.4062
75.5938
74.6406
73.6875
72.9219
72.0625
71.0312
70.2344
69.4688
68.5625
67.7656
66.9844
66.0625
65.1875
64.25
63.3594
62.7344
61.7969
60.9375
60.0938
59.2188
58.3594
57.5
56.6094
55.7188
54.8906
53.3438
52.375
51.5625
50.6875
49.75
48.8125
47.9375
46.2812
45.2656
44.4062
43.375
42.5156
41.7031
40.7031
39.9062
39.0156
38.2188
37.5156
36.4844
35.7031
34.75
34.0156
33.2188
32.1875
31.1406
29.9688
29.2344
28.1562
27.2656
26.1875
25.3594
24.5938
23.8125
23.0781
21.8594
21.0156
20.3906
19.2812
18.4375
17.4375
16.6406
15.9375
15.125
13.9219
13.2969
12.5938
11.6719
10.7344
9.59375
9.01562
8
6.95312
6.40625
5.10938
4.48438
3.60938
2.96875
1.90625
1.21875
0.359375
359.484
358.438
357.359
356.531
355.719
355.031
354.234
353.422
352.703
351.844
350.891
349.828
349.047
348.328
347.344
346.562
345.484
344.594
343.656
342.797
342.156
341.062
340.484
339.359
338.734
337.688
336.984
336.5
333.391
332.516
331.672
330.781
329.922
329.062
328.188
327.203
326.344
325.484
324.609
323.734
322.859
322
321.141
320.266
319.375
318.5
317.625
316.75
315.859
315
314.109
313.266
312.375
295.734
294.859
293.984
293.094
291.344
290.5
289.609
288.734
287
286.109
285.25
284.359
283.5
282.609
281.75
280.859
280
279.156
278.266
277.391
276.547
275.672
274.797
273.938
273.047
272.172
271.297
270.422
269.578
268.703
267.828
266.953
266.062
265.219
264.328
263.469
262.594
261.703
260.844
259.984
259.094
258.219
257.344
256.484
255.484
254.625
253.719
252.859
251.984
251.094
250.172
249.312
248.438
241.219
240.328
239.469
238.578
237.672
236.781
235.875
235.016
234.062
233.219
232.328
231.406
230.562
229.625
228.766
227.875
226.953
226.109
225.156
224.328
223.391
222.5
221.594
220.781
219.859
219.047
218.156
217.297
194.016
193.078
192.406
191.5
190.453
189.797
188.922
187.953
187.141
186.328
185.516
161.328
160.469
159.719
158.812
158.031
157.266
156.328
155.5
154.672
153.781
152.891
152.109
151.266
150.406
149.438
148.688
147.734
146.953
146.031
145.219
144.438
143.516
142.641
141.859
140.922
140.156
139.25
138.438
137.516
136.766
135.859
134.953
134.062
133.219
132.359
131.516
130.688
129.797
128.984
128.141
127.359
107.281
104.203
103.344
102.469
100.688
93.5469
92.6562
91.7656
90.8906
90.0938
89.125
87.2031
84.6562
83.8906
82.9688
82.0625
81.1406
79.4844
78.625
77.7031
76.7969
75.9375
75.0312
74.1719
73.25
72.4062
71.5469
70.5781
69.6719
68.8281
68.0625
67.3125
66.4219
65.5469
64.7031
63.8438
62.9062
62.2812
61.3906
60.5
59.6875
58.7188
57.9688
57.0781
56.1719
55.3594
54.5
53.7344
52.8281
52.0469
51.1094
50.2031
49.3594
48.3906
46.75
45.8125
45
43.875
43.0469
42.1562
41.25
40.4531
39.7031
38.5938
37.8906
37.0156
36.2031
35.4219
34.5469
33.5938
32.75
31.5938
30.625
29.8281
28.875
27.875
27
26.0781
24.9844
24.3438
23.5781
22.5938
21.6094
20.6562
20.0938
19.0312
18.3906
17.375
16.7188
15.6406
14.7031
13.8594
12.8281
12.0156
10.9375
10.2344
9.59375
8.6875
7.65625
6.8125
5.9375
5.29688
4.25
3.42188
2.51562
1.51562
0.953125
359.766
358.891
358.156
357.484
356.5
355.453
354.516
354.109
353.203
352.156
351.5
350.453
349.875
348.812
347.859
347.188
346.078
345.406
344.266
343.5
342.719
342
340.875
340.156
339.391
338.5
337.891
336.812
336.312
333.219
332.344
331.469
330.641
329.75
328.891
328.031
327.062
326.188
325.328
324.453
323.578
322.719
321.859
320.984
320.109
319.25
318.359
317.484
316.609
315.75
314.859
314
313.125
293.141
292.234
291.375
290.516
289.641
288.797
287.906
287.031
286.172
285.281
284.422
283.562
282.688
281.828
280.938
280.062
279.156
278.281
277.391
276.547
275.672
274.797
273.938
273.062
272.172
271.297
270.469
269.594
268.719
267.828
266.984
266.094
265.234
264.344
263.484
262.641
261.75
260.875
260.031
259.141
258.266
257.422
256.547
255.547
254.672
253.812
252.906
252.078
251.172
250.297
249.375
248.516
241.359
240.469
239.578
238.641
237.797
236.875
236.016
235.125
234.25
233.328
232.438
231.531
230.703
229.844
228.906
228.047
227.188
226.266
225.406
224.469
223.641
222.672
221.859
221
220.094
219.266
218.344
217.484
194.453
193.531
192.641
191.656
190.906
189.969
189.094
188.188
187.25
186.547
185.719
161.703
160.812
159.969
159.141
158.359
157.469
156.609
155.797
154.969
154.047
153.172
152.375
151.578
150.719
149.75
148.984
148.078
147.219
146.438
145.5
144.656
143.859
142.969
142.141
141.297
140.516
139.656
138.781
137.906
137.016
136.25
135.391
134.5
133.656
132.859
131.922
131.156
130.297
129.438
128.625
127.766
106.891
104.656
103.797
102.969
102.109
101.172
93.1406
92.3125
91.4219
90.5781
89.75
88.7656
86.8906
84.4531
83.5
82.6406
81.7344
80.875
80.2969
79.9688
79.0625
78.25
77.3125
76.5156
75.625
74.7969
73.8906
72.9531
72.1875
71.1719
70.4844
69.5469
68.6719
67.125
66.2344
65.3281
64.5
63.6875
62.8125
61.9844
61.1875
60.2656
59.4688
58.5938
57.7188
56.9531
55.9844
55.2656
54.3125
53.6719
52.75
51.8594
51.0156
50.0469
49.1406
48.2656
46.6562
45.625
44.6719
43.7969
43.125
42.0781
41.2344
40.25
39.5
38.5938
37.7656
37.0625
36.2031
35.2812
34.3281
33.6719
32.6875
31.4688
30.7344
29.6406
28.7969
27.9844
26.8594
25.8594
24.9375
24.1562
23.5
22.4688
21.6562
20.7656
19.7188
19.0781
18.1719
17.4531
16.5781
15.5625
14.8906
13.9375
13.0938
12.1719
11.0781
10.4531
9.54688
8.32812
7.76562
6.57812
5.89062
4.85938
4.25
3.42188
2.29688
1.82812
0.6875
359.656
358.891
358.297
357.547
356.688
355.5
355
354.141
353.203
352.312
351.641
350.547
349.797
348.812
347.703
347.172
346.031
345.078
344.5
343.453
342.672
341.828
340.797
340.141
339.156
338.516
337.438
336.875
336.031
333.109
332.25
331.391
330.531
329.656
328.797
327.938
327
326.125
325.266
324.406
323.531
322.656
321.797
320.922
320.047
319.172
318.312
317.422
316.562
315.688
314.812
313.938
295.625
293.891
293.016
292.125
291.25
290.375
289.531
288.641
286.922
286.031
285.156
284.297
283.438
282.547
281.688
280.797
279.938
279.062
278.172
277.297
276.438
275.578
274.703
273.828
272.953
272.094
271.219
270.344
269.453
268.609
267.734
266.844
265.984
265.141
264.25
263.391
262.531
261.656
260.781
259.922
259.016
258.156
257.281
256.453
255.516
254.609
253.781
252.906
252.047
251.125
250.25
249.344
248.5
241.344
240.422
239.531
238.688
237.75
236.906
235.984
235.125
234.266
233.375
232.422
231.516
230.719
229.844
228.906
228
227.172
226.297
225.391
224.453
223.641
222.703
221.875
221
220.188
219.234
218.375
217.453
195.172
194.281
193.438
192.656
191.797
190.906
189.953
189.328
188.297
187.516
186.516
185.703
161.766
160.922
159.984
159.172
158.453
157.547
156.672
155.75
154.938
154.141
153.234
152.406
151.594
150.75
149.875
148.984
148.188
147.344
146.391
145.625
144.797
143.875
143.062
142.25
141.328
140.469
139.625
138.828
137.906
137.141
136.203
135.359
134.359
133.484
132.703
131.812
131.016
130.156
129.312
128.453
127.625
106.609
105.109
104.406
103.531
102.688
100.891
92.8438
91.9688
91.0781
90.2656
89.3281
88.4219
86.5938
85.0312
84.0625
83.1094
82.2031
81.4375
79.6094
78.8281
77.9531
76.9844
76.0938
75.1406
74.3594
73.4375
72.6406
71.7656
70.9219
70.0156
69.125
68.2656
67.5156
66.6562
65.75
64.9219
64.0938
63.125
62.3906
61.5938
60.75
59.8125
59.0156
58.1875
57.3125
56.375
55.5469
54.7344
54.0156
53.0781
52.1719
51.2969
50.4375
49.5625
48.6719
47.7656
46.0312
45.0938
44.2031
43.2188
42.3594
41.5469
40.7031
39.8594
38.9688
38.1406
37.2812
36.4844
35.6562
34.7969
33.9844
33.0781
31.8594
30.8906
30.0625
29.0312
28.0156
27.3906
26.1562
25.5312
24.7188
23.8281
22.8125
22
20.9531
20.2031
19.2812
18.4219
17.4062
16.5625
15.7812
15.0938
13.8906
13.25
12.4062
11.2344
10.3281
9.64062
8.625
7.90625
6.78125
6.25
5.25
4.53125
3.29688
2.48438
1.90625
0.828125
359.969
359.094
358.188
357.609
356.672
355.828
355.094
354.156
353.328
352.547
351.672
350.781
349.875
348.953
348.047
347.062
346.109
345.438
344.531
343.516
342.859
341.984
341.141
340.266
339.531
338.844
337.922
336.969
336.469
333.328
332.453
331.594
330.719
329.859
329
328.141
327.094
326.25
325.375
324.5
323.625
322.766
321.891
321.016
320.125
319.266
318.391
317.531
316.641
315.75
314.875
293.859
293
291.219
290.375
289.469
288.625
286.844
285.969
285.094
284.234
283.359
282.484
281.594
280.75
279.859
278.969
278.125
277.234
276.375
275.484
274.641
273.734
272.891
272.016
271.141
270.266
269.359
268.516
267.641
266.781
265.875
265.016
264.156
263.266
262.391
261.547
260.672
259.766
258.906
258.078
257.188
256.328
255.422
254.531
253.656
252.797
251.906
251.031
250.125
249.25
248.359
241.188
240.344
239.391
238.547
237.609
236.75
235.859
234.953
234.109
233.203
232.281
231.359
230.594
229.703
228.797
227.938
227.062
226.141
225.281
224.391
223.516
222.562
221.719
220.891
219.969
219.109
218.172
217.359
195.031
194.109
193.469
192.312
191.453
190.578
189.719
188.844
188.234
187.172
186.422
185.656
183.766
161.547
160.719
159.828
158.891
158.172
157.344
156.391
155.562
154.766
153.922
153.062
152.172
151.375
150.438
149.625
148.781
147.969
147.047
146.156
145.375
144.516
143.703
142.828
141.969
141.094
140.234
139.391
138.547
137.719
136.844
136.016
135.188
134.219
133.391
132.531
131.578
130.812
129.906
129.094
128.266
127.375
107.266
104.156
103.312
102.453
101.5
100.641
93.4844
92.5625
91.6719
90.8438
89.9844
89.0312
88.1562
87.2031
86.3438
84.6875
83.6562
82.8125
82.0469
81.0938
80.4375
79.2969
78.5
77.5
76.625
75.8906
74.9219
73.9844
73.0938
72.2656
71.375
70.5625
69.75
68.8906
67.2969
66.3438
65.4062
64.6562
63.6719
62.7969
62.1875
61.2969
60.4688
59.5469
58.7344
57.9062
56.9844
56.0938
55.2188
54.4531
53.6719
52.8594
51.9531
51.0781
50.0938
49.2969
48.4062
46.7031
45.6562
44.8125
43.8438
43.0625
42.0625
41.1406
40.2812
39.5156
38.5781
37.8594
36.8594
36.0625
35.1875
34.4844
33.4688
32.6562
31.5156
30.625
29.6406
28.8594
27.9531
26.6094
26.0625
25.0156
24.2656
23.4531
22.5781
21.625
20.5312
19.5625
18.8438
17.9531
17.2188
16.5156
15.5156
14.4531
13.5781
12.6094
11.7031
11.0156
9.96875
9.45312
8.15625
7.34375
6.75
5.59375
4.85938
4.21875
3.26562
2.21875
1.20312
0.546875
359.703
358.656
358.062
357.125
356.109
355.344
354.516
353.828
353
351.938
351.5
350.609
349.562
348.328
347.688
346.562
345.703
345.031
344.047
343.469
342.25
341.516
340.734
339.75
338.891
338.312
337.438
336.594
333.75
332.891
332.031
331.156
330.281
329.438
328.578
327.578
326.719
325.844
324.984
324.109
323.25
322.375
321.5
320.609
319.75
318.875
318
317.109
316.234
315.359
314.484
313.609
306.594
294.391
293.5
291.75
290.906
290.016
289.156
288.25
287.406
286.516
285.641
284.781
283.891
283.047
282.141
281.281
280.422
279.531
278.656
277.797
276.906
276.062
275.172
274.312
273.453
272.562
271.703
270.828
269.969
269.078
268.188
267.328
266.484
265.594
264.703
263.844
262.969
262.094
261.219
260.375
259.484
258.625
257.75
256.875
256.031
255.031
254.141
253.281
252.391
251.516
250.641
249.734
248.828
247.953
241.703
240.812
239.891
238.984
238.078
237.234
236.312
235.438
234.516
233.609
232.781
231.828
231.062
230.125
229.297
228.391
227.469
226.578
225.75
224.875
223.984
223.016
222.219
221.359
220.5
219.609
218.656
217.781
195.5
194.766
194
192.891
192.219
191.234
190.5
189.609
188.812
187.781
187
186.078
185.344
184.422
161.234
160.328
159.516
158.75
157.797
157
156.172
155.281
154.406
153.594
152.688
151.828
151.016
150.219
149.281
148.453
147.547
146.797
145.906
145.078
144.141
143.328
142.469
141.578
140.781
139.953
139.141
138.266
137.422
136.5
135.719
134.719
133.859
132.984
132.141
131.328
130.406
129.625
107.875
106.859
104.641
103.766
102.938
102.078
101.125
97.5625
93.0938
92.1719
91.3438
90.4844
89.5469
88.6406
87.7812
86.0312
85
84.2031
83.3125
82.4062
81.4688
80.1406
79.7656
78.9375
77.9844
77.0938
76.125
75.2812
74.4688
73.6094
72.6562
71.7344
71
70.1094
69.1562
68.3906
67.5312
66.6719
65.7656
65
64.0625
63.1875
62.5781
61.6406
60.7812
59.9219
58.9844
58.1719
57.3438
56.5
55.5312
54.75
54.0625
53.1875
52.2969
51.3125
50.4375
49.6094
48.6875
46.9062
46.0156
45.1094
44.0938
43.3125
42.5
41.6562
40.6094
39.8125
38.8906
38.0469
37.0938
36.5156
35.4062
34.7344
33.9219
33.0469
31.8438
30.8281
29.9062
29.1719
28.0156
26.8906
26.2031
25.1562
24.2969
23.4219
22.8906
21.7188
20.8125
20.1094
19.1094
18.5312
17.4531
16.7188
15.9062
14.9219
13.7969
12.9531
12.2344
11.0781
10.5
9.48438
8.42188
7.73438
6.75
6.01562
5.01562
4.17188
3.32812
2.65625
1.625
0.6875
359.625
359.078
358.062
357.297
356.578
355.594
354.719
353.734
352.984
352.25
351.453
350.438
349.812
348.75
347.734
346.906
346.25
345.344
344.484
343.312
342.594
341.516
340.875
340
339.312
338.469
337.672
336.641
336.078
333
332.109
331.234
330.375
329.516
328.656
327.672
326.781
325.922
325.047
324.188
323.297
322.422
321.562
320.688
319.812
318.922
318.062
317.172
316.281
293.547
291.766
290.047
289.156
288.281
287.406
286.531
285.656
284.781
283.922
283.031
282.141
281.281
280.406
279.516
278.625
277.75
276.891
276.016
275.125
274.25
273.391
272.5
271.641
270.75
269.891
269
268.141
267.266
266.375
265.5
264.641
263.781
262.906
262
261.125
260.297
259.391
258.531
257.672
256.797
255.922
254.891
254
253.125
252.234
251.344
250.469
249.547
248.688
241.453
240.547
239.672
238.797
237.891
237.016
236.094
235.219
234.297
233.375
232.531
231.547
230.781
229.922
229.016
228.094
227.25
226.391
225.5
224.562
223.672
222.766
221.922
221.094
220.156
219.297
218.422
217.531
195.172
194.234
193.266
192.484
191.781
190.797
189.922
189.031
188.344
187.484
186.5
184.641
161.5
160.688
159.875
158.969
158.219
157.25
156.484
155.578
154.656
153.875
153.016
152.109
151.312
150.5
149.625
148.672
147.906
147
146.219
145.25
144.5
143.625
142.75
141.938
141.078
140.172
139.344
138.469
137.672
136.75
135.891
135.016
134.156
133.328
132.484
131.625
130.719
129.922
129.016
128.188
108.188
107.188
106.328
104.078
103.188
101.422
93.3594
92.4531
91.5781
90.7344
89.8906
88.9062
88.0469
87.0156
85.3906
84.4688
83.4844
82.6406
81.7188
80.8594
80.5469
79.1406
78.3438
77.4062
76.4375
75.625
74.75
73.875
73.0312
72
71.2031
70.3438
69.5156
68.6719
67.9062
67.0156
66.0469
65.2969
64.3438
63.4375
62.5469
61.9531
61.0938
60.1875
59.3281
58.4844
57.625
56.7031
55.9062
55.0156
54.2969
53.4219
52.5469
51.6562
50.75
49.8438
47.2656
46.1406
45.4062
44.5625
43.4531
42.6562
41.8438
40.9062
40.125
39.1719
38.4219
37.4531
36.5938
35.7031
34.9062
34.0625
33.1406
32.1094
31.1875
30.2188
29.1719
28.1875
27.4375
26.5469
25.4062
24.8594
24
22.9844
21.9844
21.2969
20.4844
19.2188
18.5625
17.7031
16.875
16.0312
15.1406
13.9062
13.3438
12.5
11.4844
10.4531
9.8125
8.76562
7.79688
6.82812
6.17188
5.3125
4.60938
3.5625
2.59375
1.85938
0.6875
0.109375
358.969
358.359
357.5
356.547
355.578
355.062
354.172
353.391
352.359
351.625
350.781
350.031
349.047
347.969
347.234
346.156
345.359
344.688
343.453
342.734
341.75
341.062
340.438
339.594
338.516
337.844
337.125
336.156
333.234
332.359
331.484
330.641
329.75
328.891
328.016
327.047
326.188
325.312
324.438
323.578
322.688
321.828
320.953
320.078
319.203
318.312
317.438
316.562
315.672
314.812
313.922
313.047
306.891
291.078
290.234
289.312
288.453
287.562
286.688
285.812
284.953
284.078
283.188
282.344
281.438
280.547
279.703
278.797
277.938
277.062
276.188
275.297
274.422
273.531
272.688
271.797
270.922
270.062
269.188
268.312
267.422
266.562
265.688
264.797
263.906
263.062
262.172
261.312
260.438
259.562
258.688
257.812
256.922
256.062
255.031
254.188
253.297
252.406
251.531
250.641
249.734
248.844
247.953
241.672
240.719
239.844
238.922
238.031
237.172
236.234
235.359
234.406
233.578
232.656
231.703
230.891
229.953
229.094
228.25
227.344
226.391
225.5
224.609
223.766
222.812
221.906
221.109
220.25
219.312
218.469
217.531
194.375
193.281
192.469
191.594
190.906
190.031
189.156
188.109
187.281
186.328
185.734
161.391
160.469
159.656
158.719
158.016
157.125
156.25
155.359
154.609
153.688
152.859
151.953
151.125
150.328
149.344
148.516
147.703
146.781
146.016
145.078
144.281
143.391
142.531
141.688
140.828
139.984
139.094
138.234
137.453
136.562
135.703
134.797
133.969
133.109
132.234
131.391
130.594
129.75
128.844
127.969
106.984
105.453
103.906
103
101.203
92.2656
91.3906
90.5625
89.6719
88.7188
87.8125
86.1094
85.2188
84.2656
83.3125
82.5312
81.6719
80.8125
80.0781
79.9375
78.1562
77.2188
76.3438
75.5469
74.625
73.7188
72.8281
72.0312
71.0312
70.125
69.375
68.5781
67.7344
66.8594
66.0469
65.1406
64.3125
63.3281
62.6875
61.75
60.9844
60
59.1406
58.375
57.5312
56.625
55.7031
54.9219
54.2188
53.3594
52.4375
51.5469
50.6094
49.75
47.9062
46.9375
46.1406
45.1406
44.1875
43.3125
42.4375
41.4531
40.7031
39.7031
38.9688
38.0938
37.3438
36.5625
35.5
34.7344
33.8438
33.1094
31.9062
31.0938
30.2188
29.1562
28.0938
27.2969
26.2969
25.3438
24.5
23.875
22.8906
21.875
21.1719
20.3125
19.2969
18.5156
17.75
16.7344
15.7969
14.9688
14.1406
13.2344
12.375
11.2656
10.4219
9.4375
8.67188
7.875
6.73438
6.1875
5.28125
4.40625
3.375
2.54688
1.6875
1.01562
0.140625
359.297
358.297
357.406
356.656
355.656
355.016
354.109
353.047
352.312
351.562
350.703
349.781
348.797
348.203
347
346.297
345.219
344.375
343.859
342.766
341.875
341.25
340.219
339.281
338.688
337.828
336.812
336.234
333.234
332.391
331.531
330.656
329.797
328.906
328.047
327.016
326.172
325.281
324.406
323.547
322.672
321.812
320.922
320.062
319.172
318.297
317.422
316.531
315.656
314.781
313.906
313.016
293.734
291.969
291.125
290.234
289.375
286.734
285.875
284.969
284.109
283.234
282.375
281.484
280.609
279.75
278.891
277.984
277.125
276.25
275.375
274.5
273.641
272.75
271.875
271.031
270.141
269.266
268.406
267.547
266.641
265.797
264.922
264.047
263.156
262.312
261.406
260.562
259.688
258.828
257.953
257.062
256.219
255.203
254.344
253.438
252.578
251.688
250.797
249.922
249
248.109
241.812
240.922
240
239.125
238.219
237.375
236.438
235.531
234.703
233.734
232.859
231.938
231.078
230.25
229.328
228.5
227.516
226.688
225.766
224.906
224
223.141
222.188
221.422
220.484
219.609
218.75
217.875
195.5
194.453
193.859
192.906
192.125
191.031
190.391
189.25
188.562
187.688
186.828
186
184.844
161.891
160.906
160.094
159.25
158.469
157.578
156.703
155.875
155.078
154.156
153.25
152.516
151.594
150.812
149.875
149.031
148.156
147.266
146.469
145.656
144.734
143.906
143.016
142.203
141.375
140.438
139.578
138.734
137.906
137.062
136.25
135.359
134.5
133.562
132.781
131.875
131.016
130.219
129.297
128.484
107.562
106.734
104.484
103.609
102.766
101.812
93.7969
92.0625
91.2031
90.2969
89.375
88.4844
87.5938
85.9219
84.9062
84.1406
83.1094
82.3438
81.4375
79.7656
78.8906
77.9219
77.0625
76.1562
75.2031
74.4531
73.5781
72.625
71.6875
70.9375
70.1094
69.1562
68.4062
67.6406
66.7812
65.8594
64.9062
64.1719
63.2969
62.4531
61.6094
60.7969
59.8438
59.0312
58.1562
57.2969
56.5156
55.5625
54.7344
53.9688
53.2031
52.2969
51.3125
49.3438
48.5156
47.5469
46.7188
45.8438
45.0156
43.9375
43.0938
42.4062
41.5156
40.4062
39.5312
38.7344
38.0781
37.0938
36.3281
35.4062
34.6875
33.9219
32.7812
31.7188
30.9375
29.9844
29.1094
27.7812
26.8906
26
25.1562
24.3906
23.4219
22.9062
21.7188
20.7812
20.0781
19.2344
18.2031
17.4062
16.6094
15.75
14.8125
14.0469
12.7969
11.9844
11.5
10.125
9.4375
8.70312
7.5625
6.67188
5.98438
5.3125
4.125
3.35938
2.625
1.45312
0.578125
0
359.078
358.062
357.312
356.594
355.578
354.938
354.031
352.922
352.344
351.359
350.703
350.031
348.75
348.094
347.266
346.266
345.406
344.484
343.484
342.625
341.703
340.891
340.141
339.469
338.516
337.578
336.922
336.109
333.172
332.328
331.469
330.594
329.734
328.859
327.984
327.016
326.141
325.297
324.406
323.547
322.672
321.812
320.938
320.047
319.172
318.312
317.422
316.547
315.672
314.797
313.922
313.016
312.156
292.078
291.234
290.328
288.578
286.844
285.969
285.094
284.203
283.375
282.484
281.594
280.75
279.859
278.984
278.109
277.25
276.375
275.516
274.609
273.75
272.875
272
271.125
270.25
269.391
268.516
267.672
266.797
265.891
265.016
264.156
263.312
262.406
261.531
260.688
259.812
258.938
258.109
257.234
256.328
255.375
254.516
253.609
252.734
251.875
250.984
250.078
249.219
248.281
242.016
241.109
240.281
239.344
238.5
237.547
236.656
235.766
234.922
233.984
233.078
232.203
231.328
230.438
229.531
228.672
227.812
226.891
225.969
225.109
224.188
223.375
222.438
221.547
220.766
219.875
218.984
218.062
194.906
194.062
193.234
192.328
191.547
190.766
189.766
188.797
187.922
187.281
186.172
161.438
160.5
159.562
158.75
158.094
157.203
156.25
155.453
154.656
153.781
152.953
152.078
151.188
150.391
149.531
148.578
147.812
146.969
146.016
145.219
144.406
143.531
142.672
141.875
140.953
140.062
139.219
138.422
137.547
136.766
135.844
134.922
134.047
133.281
132.406
131.547
130.719
129.891
128.938
128.109
107.234
105.016
104.125
103.266
102.422
101.469
97.1094
93.4219
91.7031
90.8281
89.9375
88.9844
88.1094
86.4688
85.4219
84.5938
83.7812
82.7969
81.9062
81.0781
80.4844
78.375
77.5
76.7656
75.8438
74.9844
74.0781
73.125
72.2656
71.3438
70.5
69.6875
68.9375
68.0469
67.3125
66.4062
65.4375
64.5781
63.7344
62.8281
62.1719
61.2344
60.4375
59.5469
58.7812
57.8594
56.9844
56.1875
55.3125
54.6094
53.6875
52.7656
51.9062
51.1094
49.0781
48.2656
47.2812
46.4062
45.4531
44.5
43.8438
42.7344
42.0156
40.9844
40.0781
39.4375
38.6562
37.5938
36.9531
36.2031
35.1875
34.3125
33.5938
32.4219
31.5312
30.4844
29.6719
28.6406
27.75
26.7344
26.1406
25.0938
24.1719
23.375
22.3438
21.7812
20.9062
20
19.125
18.3594
17.3594
16.5
15.5781
14.6719
13.8594
12.8281
12.0625
10.9219
10.1562
9.25
8.23438
7.54688
6.8125
5.90625
5
4.0625
3.375
2.26562
1.35938
0.8125
359.656
358.797
357.828
357.406
356.422
355.406
354.609
353.906
353
352.172
351.453
350.656
349.547
348.453
347.703
346.891
346.109
345.203
344.281
343.344
342.516
341.641
340.984
340.219
339.109
338.219
337.578
336.641
335.969
333.031
332.172
331.312
330.438
329.578
328.719
327.719
326.875
326
325.141
324.266
323.406
322.531
321.641
320.781
319.906
319.031
318.156
317.281
316.422
315.516
314.641
313.766
312.906
293.688
291.938
291.047
290.172
289.297
288.422
287.547
286.688
285.812
284.938
284.047
283.188
282.312
281.469
280.562
279.719
278.797
277.922
277.031
276.172
275.312
274.422
273.562
272.688
271.797
270.953
270.078
269.188
268.312
267.469
266.594
265.688
264.828
263.969
263.109
262.203
261.359
260.453
259.609
258.719
257.875
257
256.125
255.156
254.281
253.438
252.562
251.641
250.766
249.859
248.969
248.094
241.844
240.922
240.016
239.156
238.234
237.344
236.469
235.562
234.656
233.766
232.906
231.984
231.031
230.297
229.406
228.562
227.594
226.75
225.828
224.938
224.141
223.219
222.266
221.516
220.641
219.781
218.859
218.016
194.766
194.125
193
192.312
191.359
190.547
189.766
188.797
187.906
186.984
186.156
185.266
162.203
161.344
160.406
159.547
158.625
157.938
157.078
156.172
155.406
154.5
153.734
152.844
151.906
151.141
150.219
149.359
148.531
147.75
146.859
146
145.141
144.328
143.5
142.562
141.703
140.844
140.109
139.25
138.297
137.453
136.625
135.797
134.891
134.047
133.141
132.344
131.422
130.641
129.766
128.906
128.094
108
104.922
104.047
103.203
101.391
93.375
92.5156
91.6562
90.75
89.9219
88.9531
88.0781
86.3125
85.3438
84.5
83.6875
82.7812
81.8281
80.8906
80.2344
79.2344
78.4219
77.3906
76.5156
75.6406
74.7656
74
73.0312
72.1094
71.4062
70.5312
69.5938
68.7188
67.9375
67.1562
66.2188
65.3594
64.5781
63.5938
62.8125
62
61.2031
60.3125
59.4844
58.6406
57.7188
56.8906
56
55.2656
54.4375
53.5312
52.7031
51.8438
50.9062
47.9531
47
46.2969
45.2656
44.5781
43.5469
42.6875
41.7344
40.8438
40.125
39.2812
38.5156
37.6719
36.8281
35.7656
35.0781
34.2344
33.4531
32.2188
31.3125
30.3438
29.5938
28.5
27.3125
26.5781
25.875
24.7344
24.2656
23.3281
22.375
21.4844
20.6719
19.7969
18.8281
17.875
17.2969
16.3281
15.5
14.25
13.4062
12.6875
12.0312
10.7188
10
8.9375
8.35938
7.23438
6.70312
5.71875
4.8125
4.07812
3.25
1.95312
1.42188
0.375
359.672
358.641
357.812
357.156
356.453
355.406
354.344
353.438
353.031
352.109
351.266
350.453
349.531
348.297
347.766
346.719
345.906
344.953
344.047
343.391
342.25
341.531
340.578
339.672
339.156
338.219
337.219
336.766
333.719
332.844
331.984
331.109
330.234
329.359
328.5
327.531
326.656
325.797
324.906
324.047
323.172
322.297
321.453
320.562
319.688
318.812
317.938
317.047
316.188
315.297
314.422
307.406
294.281
291.625
290.766
289.891
289.016
288.141
287.266
286.391
285.531
284.625
283.766
282.906
282
281.141
280.266
279.344
278.469
277.609
276.703
275.828
274.969
274.078
273.234
272.328
271.484
270.609
269.703
268.859
267.953
267.094
266.203
265.328
264.469
263.594
262.734
261.828
260.969
260.125
259.219
258.359
257.5
256.594
255.734
254.828
253.953
253.078
252.188
251.297
250.391
249.531
248.594
241.422
240.547
239.656
238.75
237.859
236.969
236.078
235.219
234.328
233.359
232.469
231.547
230.719
229.844
229.016
228.078
227.219
226.281
225.422
224.484
223.641
222.688
221.891
221
220.062
219.219
218.391
195.25
194.359
193.344
192.594
191.75
190.672
190
188.969
188.25
187.281
186.391
185.672
161.594
160.781
159.875
159.016
158.297
157.422
156.578
155.594
154.812
154.016
153.094
152.219
151.391
150.578
149.688
148.844
147.922
147.141
146.219
145.469
144.547
143.766
142.859
142.016
141.188
140.312
139.5
138.609
137.781
136.875
136.125
135.203
134.219
133.422
132.562
131.656
130.797
129.938
129.141
128.297
107.25
105.75
105.016
104.156
103.281
101.484
97.1094
93.4844
91.6875
90.8125
89.9375
89.0156
88.1094
86.3594
85.4531
84.5781
83.6094
82.8125
81.9531
81.1094
80.125
78.3594
77.5312
76.6719
75.8594
74.9531
74.0156
73.1562
72.1875
71.3438
70.4844
69.5781
68.8594
68.0938
67.2031
66.3594
65.4844
64.5625
63.75
62.8906
62.1875
61.1875
60.3438
59.5312
58.7188
57.7812
56.9375
56.0625
55.2344
54.5625
53.5938
52.7031
51.8125
50.9375
50
48.25
47.2969
46.2969
45.5312
44.6094
43.7344
42.8906
41.75
40.8438
40.2656
39.1719
38.3906
37.4375
36.6406
36.0156
35.0625
34.125
33.5156
32.1875
31.4375
30.2344
29.5781
28.5469
27.3125
26.7188
25.6719
25.0312
23.9688
23.3281
22.4844
21.5
20.6875
19.7656
18.8281
17.8125
17.0938
16.3125
15.5
14.4375
13.2656
12.4844
11.9062
10.7344
10.1562
8.875
8.26562
7.26562
6.53125
5.65625
4.73438
3.875
3.20312
1.89062
1.39062
0.1875
359.359
358.922
357.938
357.031
355.984
355.469
354.562
353.594
352.578
352
351.297
350.344
349.422
348.5
347.594
346.781
345.766
344.812
344.047
343.328
342.344
341.453
340.859
339.797
339.031
338.297
337.578
336.766
333.719
332.891
331.984
331.125
330.266
329.406
328.531
327.562
326.703
325.828
324.953
324.094
323.219
322.359
321.484
320.594
319.734
318.859
317.984
317.094
316.234
294.359
291.766
290.859
290.016
289.141
288.281
287.375
286.5
285.625
284.766
283.875
283.016
282.125
281.281
280.422
279.516
278.656
277.781
276.906
276.016
275.172
274.266
273.422
272.531
271.688
270.781
269.938
269.047
268.203
267.297
266.422
265.594
264.688
263.828
262.953
262.078
261.234
260.375
259.484
258.594
257.75
256.859
255.984
255.016
254.141
253.266
252.375
251.516
250.594
249.719
248.828
241.641
240.781
239.859
238.969
238.109
237.172
236.266
235.391
234.5
233.641
232.734
231.828
231.031
230.156
229.203
228.359
227.422
226.609
225.719
224.766
223.875
223.016
222.172
221.25
220.438
219.516
218.594
195.422
194.453
193.547
192.844
191.859
191.094
190.219
189.188
188.422
187.578
186.672
185.906
184.891
161.812
160.953
160.047
159.219
158.516
157.578
156.719
155.922
155
154.203
153.375
152.469
151.562
150.719
149.938
149.047
148.219
147.344
146.438
145.594
144.797
143.875
143.078
142.188
141.359
140.516
139.656
138.844
137.906
137.141
136.234
135.391
134.406
133.609
132.688
131.875
130.984
130.125
129.281
108.453
107.453
105.203
104.375
103.5
101.703
93.6406
91.9062
91.0469
90.1406
89.1719
88.2969
86.5625
85.6094
84.7812
83.8281
82.9844
82.1719
81.1719
80.1406
79.5156
78.5156
77.6094
76.8594
75.9844
74.9375
74.1875
73.3281
72.3125
71.4844
70.6719
69.7812
68.9844
67.3125
66.4219
65.4844
64.625
62.8594
62.2656
61.2812
60.4375
59.5469
58.7031
57.8906
57.0625
56.1562
55.3281
54.6406
53.75
52.7656
51.9688
51.0781
50.1406
48.125
47.2812
46.5
45.6094
44.7344
43.6875
42.9531
42.0469
41.1875
40.25
39.1719
38.4531
37.5938
36.6406
35.75
34.9844
34.2031
33.4062
32.4219
31.5156
30.3281
29.3281
28.75
27.6875
26.5938
25.6875
25.0781
23.9688
23.125
22.5312
21.6406
20.5781
19.8594
18.9688
17.9375
16.9531
16.1562
15.5156
14.4531
13.4844
12.5156
11.7812
10.6875
10.2031
9.03125
8.09375
7.1875
6.625
5.40625
4.71875
3.875
3.10938
2.14062
1.10938
0.265625
359.562
358.484
357.953
356.828
356.078
355.109
354.547
353.344
352.562
351.906
351.312
350.172
349.438
348.266
347.516
346.562
345.938
344.781
343.969
343.172
342.453
341.312
340.438
339.672
338.875
337.953
337.438
336.578
333.594
332.719
331.844
330.984
330.109
329.234
328.359
327.406
326.531
325.672
324.781
323.922
323.047
322.172
321.297
320.422
319.531
318.656
317.766
316.906
296.828
294.203
292.438
291.578
290.719
289.812
288.953
288.094
287.234
286.344
285.469
284.578
283.734
282.859
281.969
281.094
280.234
279.344
278.453
277.594
276.703
275.828
274.984
274.109
273.219
272.359
271.484
270.625
269.719
268.859
268
267.109
266.234
265.359
264.516
263.641
262.781
261.906
261.016
260.156
259.266
258.422
257.547
256.688
255.797
254.812
253.938
253.047
252.188
251.281
250.359
249.516
248.609
241.422
240.562
239.672
238.75
237.875
236.953
236.062
235.203
234.312
233.391
232.5
231.578
230.766
229.828
229
228.062
227.141
226.297
225.375
224.547
223.625
222.688
221.938
221.016
220.094
219.266
218.359
195.016
194.359
193.5
192.375
191.812
190.75
189.953
189.234
188.25
187.5
186.656
185.531
161.453
160.641
159.781
158.891
158.172
157.312
156.344
155.547
154.641
153.812
152.969
152.062
151.234
150.406
149.469
148.656
147.828
147
146.078
145.219
144.344
143.594
142.656
141.766
140.938
140.156
139.266
138.406
137.531
136.719
135.859
134.891
134.047
133.234
132.312
131.484
130.625
129.812
128.922
107.016
105.531
104.781
103.938
103.062
101.234
96.8594
93.1562
91.3906
90.5469
89.7031
88.7344
87.8125
86.0469
85.1719
84.2188
83.3438
82.4531
81.6406
80.7031
80.3125
79.875
78.1719
77.2812
76.2656
75.4219
74.625
73.625
72.75
71.875
71.1562
70.2656
69.25
68.4375
67.7656
66.7812
65.9062
65.1562
64.0781
63.3438
62.5938
61.8281
60.9062
60.0156
59.2031
58.2812
57.4531
56.5156
55.7031
54.9531
54.1719
53.25
52.4062
51.4531
50.5156
49.6719
47.8594
46.8438
45.9688
45.1406
44.2031
43.125
42.375
41.375
40.5625
39.6406
38.7812
38.0156
37.2656
36.3594
35.375
34.7656
33.7812
33.0469
31.7969
31.1094
30.0781
29.125
28.0469
27.3125
26.2812
25.3594
24.5625
23.625
22.8281
21.9062
21.0156
20.375
19.5
18.5938
17.6875
16.8281
16
15.125
14
13.1875
12.0469
11.4844
10.375
9.3125
8.82812
7.67188
7.09375
6.21875
5.26562
4.45312
3.34375
2.3125
1.90625
0.875
359.859
359
358.266
357.438
356.312
355.562
354.656
354.062
352.859
352.188
351.484
350.656
349.594
348.891
347.797
346.938
346.047
345.359
344.25
343.672
342.844
341.906
341.188
340.281
339.172
338.312
337.516
337.031
333.969
333.094
332.234
331.375
330.5
329.609
328.75
327.875
326.906
326.031
325.156
324.281
323.406
322.547
321.688
320.797
319.906
319.031
318.172
317.281
316.406
315.516
293.562
292.688
291.812
290.938
290.031
289.156
288.266
287.391
286.516
285.656
284.766
283.891
283
282.141
281.266
280.375
279.531
278.656
277.781
276.906
276.031
275.141
274.266
273.391
272.5
271.641
270.781
269.906
269.016
268.125
267.266
266.406
265.516
264.656
263.781
262.906
262.031
261.156
260.25
259.406
258.531
257.656
256.781
255.891
254.922
254.031
253.141
252.266
251.375
250.469
249.578
248.703
241.469
240.578
239.672
238.781
237.891
236.984
236.094
235.219
234.297
233.422
232.547
231.562
230.844
229.984
229.016
228.203
227.234
226.391
225.484
224.625
223.672
222.812
221.969
221.047
220.172
219.266
218.484
195.266
194.234
193.297
192.531
191.641
190.672
189.922
189.016
188.25
187.328
186.438
185.562
184.734
161.453
160.562
159.641
158.875
157.984
157.219
156.344
155.406
154.656
153.703
152.891
152
151.219
150.375
149.469
148.547
147.734
146.844
146.047
145.234
144.359
143.453
142.656
141.719
140.875
140.078
139.156
138.344
137.516
136.594
135.781
134.828
133.969
133.125
132.25
131.422
107.906
106.953
104.641
103.797
102.938
101.125
92.125
91.3125
90.4375
89.4688
88.5781
87.7188
85.9375
85
84.2188
83.1719
82.2812
81.375
79.75
78.875
78.0469
77.1406
76.2031
75.3438
74.4062
73.4531
72.6875
71.7344
70.8125
70
69.0938
68.25
67.5312
66.7188
65.7031
64.875
64
63.1562
62.5156
61.6719
60.8125
59.9375
59.0312
58.2188
57.375
56.5
55.6094
54.8125
54.0625
53.125
52.2656
51.3438
50.4062
49.625
47.5938
46.6875
45.8281
44.8438
44.125
43.0312
42.375
41.3906
40.4375
39.5312
38.7656
37.8281
37.0156
36.2188
35.3125
34.5
33.5625
32.6719
31.6719
30.8438
29.9219
29.0469
27.9375
26.9062
25.9688
25.125
24.3906
23.5781
22.5469
21.6719
20.7031
20.1094
18.9219
18.3281
17.25
16.4375
15.8594
14.5625
13.6562
12.7188
11.9844
11.3281
10.3438
9.4375
8.1875
7.54688
6.45312
6
4.75
3.9375
3.1875
2.07812
1.6875
0.46875
359.625
358.734
357.844
356.969
356.312
355.516
354.641
353.469
352.969
351.922
351.438
350.312
349.641
348.422
347.688
346.906
346.078
344.969
344.188
343.141
342.312
341.812
340.562
339.875
339.125
338.297
337.594
336.891
333.75
332.875
332
331.125
330.234
329.391
328.516
327.531
326.656
325.797
324.922
324.047
323.172
322.297
321.422
320.547
319.656
318.797
317.906
317.031
296.844
294.219
293.344
292.484
290.703
289.812
288.953
288.062
287.219
286.312
285.453
284.547
283.719
282.828
281.969
281.078
280.203
279.281
278.391
277.531
276.641
275.781
274.891
274.031
273.156
272.281
271.406
270.531
269.641
268.766
267.906
267
266.141
265.266
264.375
263.531
262.625
261.766
260.922
260.016
259.141
258.281
257.422
256.547
255.531
254.672
253.781
252.891
252.016
251.125
250.234
249.312
248.422
241.219
240.328
239.453
238.531
237.672
236.766
235.844
234.953
234.016
233.141
232.266
231.375
230.469
229.578
228.688
227.828
226.938
226.031
225.094
224.266
223.344
222.484
221.594
220.688
219.844
219.016
218.094
194.75
193.875
193
192.203
191.172
190.547
189.656
188.672
187.969
187
186.078
185.078
184.25
161.906
161.125
160.219
159.359
158.609
157.719
156.781
155.969
155.078
154.25
153.438
152.469
151.625
150.828
149.922
149.031
148.219
147.391
146.531
145.641
144.797
143.969
143.078
142.203
141.422
140.562
139.609
138.766
137.906
137.125
136.281
135.406
134.453
133.641
132.75
131.875
131
130.203
129.312
128.422
108.359
107.359
104.266
103.391
102.531
101.578
96.3281
93.5
91.7344
90.9062
90.0312
89.0469
88.1719
87.2188
85.4688
84.625
83.6719
82.9219
82.0312
81.1406
80.6094
Caught signal 2
